solid exported
	facet normal -0.13744449586942953 -0.9905094701996535 -1.243742472599019e-12
		outer loop
			vertex 0.10412091504524693 0.5280210976391138 0.13370317400490014
			vertex 0.10080200312081998 0.5284816345547043 0.14888565781227325
			vertex 0.10080200312081934 0.5284816345547235 0.13370317400490087
		endloop
	endfacet
	facet normal -0.13744449586986565 -0.9905094701995929 -1.3409147083607683e-12
		outer loop
			vertex 0.10080200312081998 0.5284816345547043 0.14888565781227325
			vertex 0.10412091504524693 0.5280210976391138 0.13370317400490014
			vertex 0.1250706076141262 0.5251140886498928 0.1488856578122604
		endloop
	endfacet
	facet normal -0.13744449586894586 -0.9905094701997207 -2.6345492518890542e-12
		outer loop
			vertex 0.1250706076141262 0.5251140886498928 0.1488856578122604
			vertex 0.10412091504524693 0.5280210976391138 0.13370317400490014
			vertex 0.12507060761412847 0.5251140886499329 0.1337031740048956
		endloop
	endfacet
	facet normal 0.13744449586894586 0.9905094701997207 2.6345492518890542e-12
		outer loop
			vertex 0.12507060761412847 0.5251140886499329 0.1337031740048956
			vertex 0.10412091504524693 0.5280210976391138 0.13370317400490014
			vertex 0.1250706076141262 0.5251140886498928 0.1488856578122604
		endloop
	endfacet
	facet normal 0.13744449586986565 0.9905094701995929 1.3409147083607683e-12
		outer loop
			vertex 0.1250706076141262 0.5251140886498928 0.1488856578122604
			vertex 0.10412091504524693 0.5280210976391138 0.13370317400490014
			vertex 0.10080200312081998 0.5284816345547043 0.14888565781227325
		endloop
	endfacet
	facet normal 0.13744449586942953 0.9905094701996535 1.243742472599019e-12
		outer loop
			vertex 0.10080200312081934 0.5284816345547235 0.13370317400490087
			vertex 0.10080200312081998 0.5284816345547043 0.14888565781227325
			vertex 0.10412091504524693 0.5280210976391138 0.13370317400490014
		endloop
	endfacet
	facet normal 0.9905094702002754 -0.137444495864948 -2.150875345260476e-13
		outer loop
			vertex 0.10080200312081998 0.5284816345547043 0.14888565781227325
			vertex 0.10149495559528869 0.5334754757707082 0.13370317400490048
			vertex 0.10149495559529209 0.5334754757707089 0.14888565782262436
		endloop
	endfacet
	facet normal 0.9905094702002754 -0.137444495864948 -2.150875345260476e-13
		outer loop
			vertex 0.10149495559528869 0.5334754757707082 0.13370317400490048
			vertex 0.10080200312081998 0.5284816345547043 0.14888565781227325
			vertex 0.10080200312081934 0.5284816345547235 0.13370317400490087
		endloop
	endfacet
	facet normal -0.9905094702002754 0.137444495864948 2.150875345260476e-13
		outer loop
			vertex 0.10080200312081934 0.5284816345547235 0.13370317400490087
			vertex 0.10080200312081998 0.5284816345547043 0.14888565781227325
			vertex 0.10149495559528869 0.5334754757707082 0.13370317400490048
		endloop
	endfacet
	facet normal -0.9905094702002754 0.137444495864948 2.150875345260476e-13
		outer loop
			vertex 0.10149495559529209 0.5334754757707089 0.14888565782262436
			vertex 0.10149495559528869 0.5334754757707082 0.13370317400490048
			vertex 0.10080200312081998 0.5284816345547043 0.14888565781227325
		endloop
	endfacet
	facet normal -2.2345657781269255e-13 -4.5460692599204435e-14 -1
		outer loop
			vertex 0.10080200312081934 0.5284816345547235 0.13370317400490087
			vertex 0.1043436912914587 0.5296265601221314 0.13370317400490003
			vertex 0.10412091504524693 0.5280210976391138 0.13370317400490014
		endloop
	endfacet
	facet normal -2.2345657781269253e-13 -4.5460692599204435e-14 -1
		outer loop
			vertex 0.1043436912914587 0.5296265601221314 0.13370317400490003
			vertex 0.10080200312081934 0.5284816345547235 0.13370317400490087
			vertex 0.10411718163426116 0.529688951488607 0.13370317400490006
		endloop
	endfacet
	facet normal -2.2345657781269255e-13 -4.5460692599204435e-14 -1
		outer loop
			vertex 0.10411718163426116 0.529688951488607 0.13370317400490006
			vertex 0.10080200312081934 0.5284816345547235 0.13370317400490087
			vertex 0.10391453563820854 0.529807842778025 0.13370317400490012
		endloop
	endfacet
	facet normal -2.2345657781269255e-13 -4.5460692599204435e-14 -1
		outer loop
			vertex 0.10391453563820854 0.529807842778025 0.13370317400490012
			vertex 0.10080200312081934 0.5284816345547235 0.13370317400490087
			vertex 0.10374956514762312 0.5299751315546344 0.13370317400490014
		endloop
	endfacet
	facet normal -2.2345657781269255e-13 -4.5460692599204435e-14 -1
		outer loop
			vertex 0.10374956514762312 0.5299751315546344 0.13370317400490014
			vertex 0.10080200312081934 0.5284816345547235 0.13370317400490087
			vertex 0.10149495559528869 0.5334754757707082 0.13370317400490048
		endloop
	endfacet
	facet normal -2.2345657781269255e-13 -4.5460692599204435e-14 -1
		outer loop
			vertex 0.10374956514762312 0.5299751315546344 0.13370317400490014
			vertex 0.10149495559528869 0.5334754757707082 0.13370317400490048
			vertex 0.10363351654084285 0.5301794168130571 0.13370317400490014
		endloop
	endfacet
	facet normal -2.2345657781269255e-13 -4.5460692599204435e-14 -1
		outer loop
			vertex 0.10363351654084285 0.5301794168130571 0.13370317400490014
			vertex 0.10149495559528869 0.5334754757707082 0.13370317400490048
			vertex 0.10357429298932552 0.5304067773212181 0.13370317400490017
		endloop
	endfacet
	facet normal -2.2345657781269255e-13 -4.5460692599204435e-14 -1
		outer loop
			vertex 0.10357429298932552 0.5304067773212181 0.13370317400490017
			vertex 0.10149495559528869 0.5334754757707082 0.13370317400490048
			vertex 0.10357593245978092 0.530641718717006 0.13370317400490014
		endloop
	endfacet
	facet normal -2.2345657781269255e-13 -4.5460692599204435e-14 -1
		outer loop
			vertex 0.10357593245978092 0.530641718717006 0.13370317400490014
			vertex 0.10149495559528869 0.5334754757707082 0.13370317400490048
			vertex 0.10363832475812589 0.5308682295823021 0.13370317400490012
		endloop
	endfacet
	facet normal -2.2345657781269255e-13 -4.5460692599204435e-14 -1
		outer loop
			vertex 0.10363832475812589 0.5308682295823021 0.13370317400490012
			vertex 0.10149495559528869 0.5334754757707082 0.13370317400490048
			vertex 0.10375721655786872 0.5310708751254253 0.1337031740049001
		endloop
	endfacet
	facet normal -2.2345657781269255e-13 -4.5460692599204435e-14 -1
		outer loop
			vertex 0.10375721655786872 0.5310708751254253 0.1337031740049001
			vertex 0.10149495559528869 0.5334754757707082 0.13370317400490048
			vertex 0.10392450330930122 0.5312358434132732 0.13370317400490003
		endloop
	endfacet
	facet normal -2.2345657781269255e-13 -4.5460692599204435e-14 -1
		outer loop
			vertex 0.10392450330930122 0.5312358434132732 0.13370317400490003
			vertex 0.10149495559528869 0.5334754757707082 0.13370317400490048
			vertex 0.10412879035343095 0.5313518938739042 0.1337031740049
		endloop
	endfacet
	facet normal -2.2345657781269255e-13 -4.5460692599204435e-14 -1
		outer loop
			vertex 0.10412879035343095 0.5313518938739042 0.1337031740049
			vertex 0.10149495559528869 0.5334754757707082 0.13370317400490048
			vertex 0.10435615179883546 0.5314111172953683 0.13370317400489995
		endloop
	endfacet
	facet normal -2.2345657781269253e-13 -4.5460692599204435e-14 -1
		outer loop
			vertex 0.10435615179883546 0.5314111172953683 0.13370317400489995
			vertex 0.10149495559528869 0.5334754757707082 0.13370317400490048
			vertex 0.10459109124747851 0.5314094761845215 0.1337031740048999
		endloop
	endfacet
	facet normal -2.2345657781269255e-13 -4.5460692599204435e-14 -1
		outer loop
			vertex 0.10459109124747851 0.5314094761845215 0.1337031740048999
			vertex 0.10149495559528869 0.5334754757707082 0.13370317400490048
			vertex 0.10481386751971836 0.5330149388551134 0.13370317400489976
		endloop
	endfacet
	facet normal 2.2345657781269255e-13 4.5460692599204435e-14 1
		outer loop
			vertex 0.10481386751971836 0.5330149388551134 0.13370317400489976
			vertex 0.10149495559528869 0.5334754757707082 0.13370317400490048
			vertex 0.10459109124747851 0.5314094761845215 0.1337031740048999
		endloop
	endfacet
	facet normal 2.2345657781269253e-13 4.5460692599204435e-14 1
		outer loop
			vertex 0.10459109124747851 0.5314094761845215 0.1337031740048999
			vertex 0.10149495559528869 0.5334754757707082 0.13370317400490048
			vertex 0.10435615179883546 0.5314111172953683 0.13370317400489995
		endloop
	endfacet
	facet normal 2.2345657781269255e-13 4.5460692599204435e-14 1
		outer loop
			vertex 0.10435615179883546 0.5314111172953683 0.13370317400489995
			vertex 0.10149495559528869 0.5334754757707082 0.13370317400490048
			vertex 0.10412879035343095 0.5313518938739042 0.1337031740049
		endloop
	endfacet
	facet normal 2.2345657781269255e-13 4.5460692599204435e-14 1
		outer loop
			vertex 0.10412879035343095 0.5313518938739042 0.1337031740049
			vertex 0.10149495559528869 0.5334754757707082 0.13370317400490048
			vertex 0.10392450330930122 0.5312358434132732 0.13370317400490003
		endloop
	endfacet
	facet normal 2.2345657781269255e-13 4.5460692599204435e-14 1
		outer loop
			vertex 0.10392450330930122 0.5312358434132732 0.13370317400490003
			vertex 0.10149495559528869 0.5334754757707082 0.13370317400490048
			vertex 0.10375721655786872 0.5310708751254253 0.1337031740049001
		endloop
	endfacet
	facet normal 2.2345657781269255e-13 4.5460692599204435e-14 1
		outer loop
			vertex 0.10375721655786872 0.5310708751254253 0.1337031740049001
			vertex 0.10149495559528869 0.5334754757707082 0.13370317400490048
			vertex 0.10363832475812589 0.5308682295823021 0.13370317400490012
		endloop
	endfacet
	facet normal 2.2345657781269255e-13 4.5460692599204435e-14 1
		outer loop
			vertex 0.10363832475812589 0.5308682295823021 0.13370317400490012
			vertex 0.10149495559528869 0.5334754757707082 0.13370317400490048
			vertex 0.10357593245978092 0.530641718717006 0.13370317400490014
		endloop
	endfacet
	facet normal 2.2345657781269255e-13 4.5460692599204435e-14 1
		outer loop
			vertex 0.10357593245978092 0.530641718717006 0.13370317400490014
			vertex 0.10149495559528869 0.5334754757707082 0.13370317400490048
			vertex 0.10357429298932552 0.5304067773212181 0.13370317400490017
		endloop
	endfacet
	facet normal 2.2345657781269255e-13 4.5460692599204435e-14 1
		outer loop
			vertex 0.10357429298932552 0.5304067773212181 0.13370317400490017
			vertex 0.10149495559528869 0.5334754757707082 0.13370317400490048
			vertex 0.10363351654084285 0.5301794168130571 0.13370317400490014
		endloop
	endfacet
	facet normal 2.2345657781269255e-13 4.5460692599204435e-14 1
		outer loop
			vertex 0.10363351654084285 0.5301794168130571 0.13370317400490014
			vertex 0.10149495559528869 0.5334754757707082 0.13370317400490048
			vertex 0.10374956514762312 0.5299751315546344 0.13370317400490014
		endloop
	endfacet
	facet normal 2.2345657781269255e-13 4.5460692599204435e-14 1
		outer loop
			vertex 0.10149495559528869 0.5334754757707082 0.13370317400490048
			vertex 0.10080200312081934 0.5284816345547235 0.13370317400490087
			vertex 0.10374956514762312 0.5299751315546344 0.13370317400490014
		endloop
	endfacet
	facet normal 2.2345657781269255e-13 4.5460692599204435e-14 1
		outer loop
			vertex 0.10374956514762312 0.5299751315546344 0.13370317400490014
			vertex 0.10080200312081934 0.5284816345547235 0.13370317400490087
			vertex 0.10391453563820854 0.529807842778025 0.13370317400490012
		endloop
	endfacet
	facet normal 2.2345657781269255e-13 4.5460692599204435e-14 1
		outer loop
			vertex 0.10391453563820854 0.529807842778025 0.13370317400490012
			vertex 0.10080200312081934 0.5284816345547235 0.13370317400490087
			vertex 0.10411718163426116 0.529688951488607 0.13370317400490006
		endloop
	endfacet
	facet normal 2.2345657781269253e-13 4.5460692599204435e-14 1
		outer loop
			vertex 0.10411718163426116 0.529688951488607 0.13370317400490006
			vertex 0.10080200312081934 0.5284816345547235 0.13370317400490087
			vertex 0.1043436912914587 0.5296265601221314 0.13370317400490003
		endloop
	endfacet
	facet normal 2.2345657781269255e-13 4.5460692599204435e-14 1
		outer loop
			vertex 0.10412091504524693 0.5280210976391138 0.13370317400490014
			vertex 0.1043436912914587 0.5296265601221314 0.13370317400490003
			vertex 0.10080200312081934 0.5284816345547235 0.13370317400490087
		endloop
	endfacet
	facet normal -2.2345657781269255e-13 -4.5460692599204435e-14 -1
		outer loop
			vertex 0.10412091504524693 0.5280210976391138 0.13370317400490014
			vertex 0.12576356008861161 0.5301079298660172 0.1337031740048952
			vertex 0.12507060761412847 0.5251140886499329 0.1337031740048956
		endloop
	endfacet
	facet normal -2.2345657781269255e-13 -4.5460692599204435e-14 -1
		outer loop
			vertex 0.12576356008861161 0.5301079298660172 0.1337031740048952
			vertex 0.10412091504524693 0.5280210976391138 0.13370317400490014
			vertex 0.10457863389534516 0.5296249197198066 0.13370317400489998
		endloop
	endfacet
	facet normal -2.2345657781269255e-13 -4.5460692599204435e-14 -1
		outer loop
			vertex 0.10457863389534516 0.5296249197198066 0.13370317400489998
			vertex 0.10412091504524693 0.5280210976391138 0.13370317400490014
			vertex 0.1043436912914587 0.5296265601221314 0.13370317400490003
		endloop
	endfacet
	facet normal -2.2345657781269253e-13 -4.5460692599204435e-14 -1
		outer loop
			vertex 0.12576356008861161 0.5301079298660172 0.1337031740048952
			vertex 0.10457863389534516 0.5296249197198066 0.13370317400489998
			vertex 0.10480599226353822 0.5296841429950949 0.13370317400489992
		endloop
	endfacet
	facet normal -2.2345657781269255e-13 -4.5460692599204435e-14 -1
		outer loop
			vertex 0.12576356008861161 0.5301079298660172 0.1337031740048952
			vertex 0.10480599226353822 0.5296841429950949 0.13370317400489992
			vertex 0.10501028000544152 0.5298001929767858 0.13370317400489987
		endloop
	endfacet
	facet normal -2.2345657781269255e-13 -4.5460692599204435e-14 -1
		outer loop
			vertex 0.12576356008861161 0.5301079298660172 0.1337031740048952
			vertex 0.10501028000544152 0.5298001929767858 0.13370317400489987
			vertex 0.10517756613713239 0.52996516230592 0.1337031740048998
		endloop
	endfacet
	facet normal -2.2345657781269253e-13 -4.5460692599204435e-14 -1
		outer loop
			vertex 0.12576356008861161 0.5301079298660172 0.1337031740048952
			vertex 0.10517756613713239 0.52996516230592 0.1337031740048998
			vertex 0.10529645785884328 0.530167807286697 0.13370317400489978
		endloop
	endfacet
	facet normal -2.2345657781269255e-13 -4.5460692599204435e-14 -1
		outer loop
			vertex 0.12576356008861161 0.5301079298660172 0.1337031740048952
			vertex 0.10529645785884328 0.530167807286697 0.13370317400489978
			vertex 0.10535885095900444 0.5303943184228479 0.13370317400489976
		endloop
	endfacet
	facet normal -2.2345657781269253e-13 -4.5460692599204435e-14 -1
		outer loop
			vertex 0.12576356008861161 0.5301079298660172 0.1337031740048952
			vertex 0.10535885095900444 0.5303943184228479 0.13370317400489976
			vertex 0.10536048962764363 0.5306292595477811 0.13370317400489976
		endloop
	endfacet
	facet normal -2.2345657781269253e-13 -4.5460692599204435e-14 -1
		outer loop
			vertex 0.12576356008861161 0.5301079298660172 0.1337031740048952
			vertex 0.10536048962764363 0.5306292595477811 0.13370317400489976
			vertex 0.10530126615415826 0.5308566206182881 0.13370317400489976
		endloop
	endfacet
	facet normal -2.2345657781269255e-13 -4.5460692599204435e-14 -1
		outer loop
			vertex 0.12576356008861161 0.5301079298660172 0.1337031740048952
			vertex 0.10530126615415826 0.5308566206182881 0.13370317400489976
			vertex 0.10518521816711962 0.5310609048354247 0.13370317400489978
		endloop
	endfacet
	facet normal -2.2345657781269255e-13 -4.5460692599204435e-14 -1
		outer loop
			vertex 0.12576356008861161 0.5301079298660172 0.1337031740048952
			vertex 0.10518521816711962 0.5310609048354247 0.13370317400489978
			vertex 0.10502024697876063 0.5312281940909742 0.1337031740048998
		endloop
	endfacet
	facet normal -2.2345657781269255e-13 -4.5460692599204435e-14 -1
		outer loop
			vertex 0.12576356008861161 0.5301079298660172 0.1337031740048952
			vertex 0.10502024697876063 0.5312281940909742 0.1337031740048998
			vertex 0.10481760405991947 0.531347085526568 0.13370317400489984
		endloop
	endfacet
	facet normal -2.2345657781269255e-13 -4.5460692599204435e-14 -1
		outer loop
			vertex 0.12576356008861161 0.5301079298660172 0.1337031740048952
			vertex 0.10481760405991947 0.531347085526568 0.13370317400489984
			vertex 0.10459109124747851 0.5314094761845215 0.1337031740048999
		endloop
	endfacet
	facet normal -2.2345657781269255e-13 -4.5460692599204435e-14 -1
		outer loop
			vertex 0.12576356008861161 0.5301079298660172 0.1337031740048952
			vertex 0.10459109124747851 0.5314094761845215 0.1337031740048999
			vertex 0.10481386751971836 0.5330149388551134 0.13370317400489976
		endloop
	endfacet
	facet normal 2.2345657781269255e-13 4.5460692599204435e-14 1
		outer loop
			vertex 0.10481386751971836 0.5330149388551134 0.13370317400489976
			vertex 0.10459109124747851 0.5314094761845215 0.1337031740048999
			vertex 0.12576356008861161 0.5301079298660172 0.1337031740048952
		endloop
	endfacet
	facet normal 2.2345657781269255e-13 4.5460692599204435e-14 1
		outer loop
			vertex 0.10459109124747851 0.5314094761845215 0.1337031740048999
			vertex 0.10481760405991947 0.531347085526568 0.13370317400489984
			vertex 0.12576356008861161 0.5301079298660172 0.1337031740048952
		endloop
	endfacet
	facet normal 2.2345657781269255e-13 4.5460692599204435e-14 1
		outer loop
			vertex 0.10481760405991947 0.531347085526568 0.13370317400489984
			vertex 0.10502024697876063 0.5312281940909742 0.1337031740048998
			vertex 0.12576356008861161 0.5301079298660172 0.1337031740048952
		endloop
	endfacet
	facet normal 2.2345657781269255e-13 4.5460692599204435e-14 1
		outer loop
			vertex 0.10502024697876063 0.5312281940909742 0.1337031740048998
			vertex 0.10518521816711962 0.5310609048354247 0.13370317400489978
			vertex 0.12576356008861161 0.5301079298660172 0.1337031740048952
		endloop
	endfacet
	facet normal 2.2345657781269255e-13 4.5460692599204435e-14 1
		outer loop
			vertex 0.10518521816711962 0.5310609048354247 0.13370317400489978
			vertex 0.10530126615415826 0.5308566206182881 0.13370317400489976
			vertex 0.12576356008861161 0.5301079298660172 0.1337031740048952
		endloop
	endfacet
	facet normal 2.2345657781269253e-13 4.5460692599204435e-14 1
		outer loop
			vertex 0.10530126615415826 0.5308566206182881 0.13370317400489976
			vertex 0.10536048962764363 0.5306292595477811 0.13370317400489976
			vertex 0.12576356008861161 0.5301079298660172 0.1337031740048952
		endloop
	endfacet
	facet normal 2.2345657781269253e-13 4.5460692599204435e-14 1
		outer loop
			vertex 0.10536048962764363 0.5306292595477811 0.13370317400489976
			vertex 0.10535885095900444 0.5303943184228479 0.13370317400489976
			vertex 0.12576356008861161 0.5301079298660172 0.1337031740048952
		endloop
	endfacet
	facet normal 2.2345657781269255e-13 4.5460692599204435e-14 1
		outer loop
			vertex 0.10535885095900444 0.5303943184228479 0.13370317400489976
			vertex 0.10529645785884328 0.530167807286697 0.13370317400489978
			vertex 0.12576356008861161 0.5301079298660172 0.1337031740048952
		endloop
	endfacet
	facet normal 2.2345657781269253e-13 4.5460692599204435e-14 1
		outer loop
			vertex 0.10529645785884328 0.530167807286697 0.13370317400489978
			vertex 0.10517756613713239 0.52996516230592 0.1337031740048998
			vertex 0.12576356008861161 0.5301079298660172 0.1337031740048952
		endloop
	endfacet
	facet normal 2.2345657781269255e-13 4.5460692599204435e-14 1
		outer loop
			vertex 0.10517756613713239 0.52996516230592 0.1337031740048998
			vertex 0.10501028000544152 0.5298001929767858 0.13370317400489987
			vertex 0.12576356008861161 0.5301079298660172 0.1337031740048952
		endloop
	endfacet
	facet normal 2.2345657781269255e-13 4.5460692599204435e-14 1
		outer loop
			vertex 0.10501028000544152 0.5298001929767858 0.13370317400489987
			vertex 0.10480599226353822 0.5296841429950949 0.13370317400489992
			vertex 0.12576356008861161 0.5301079298660172 0.1337031740048952
		endloop
	endfacet
	facet normal 2.2345657781269253e-13 4.5460692599204435e-14 1
		outer loop
			vertex 0.10480599226353822 0.5296841429950949 0.13370317400489992
			vertex 0.10457863389534516 0.5296249197198066 0.13370317400489998
			vertex 0.12576356008861161 0.5301079298660172 0.1337031740048952
		endloop
	endfacet
	facet normal 2.2345657781269255e-13 4.5460692599204435e-14 1
		outer loop
			vertex 0.1043436912914587 0.5296265601221314 0.13370317400490003
			vertex 0.10412091504524693 0.5280210976391138 0.13370317400490014
			vertex 0.10457863389534516 0.5296249197198066 0.13370317400489998
		endloop
	endfacet
	facet normal 2.2345657781269255e-13 4.5460692599204435e-14 1
		outer loop
			vertex 0.10457863389534516 0.5296249197198066 0.13370317400489998
			vertex 0.10412091504524693 0.5280210976391138 0.13370317400490014
			vertex 0.12576356008861161 0.5301079298660172 0.1337031740048952
		endloop
	endfacet
	facet normal 2.2345657781269255e-13 4.5460692599204435e-14 1
		outer loop
			vertex 0.12507060761412847 0.5251140886499329 0.1337031740048956
			vertex 0.12576356008861161 0.5301079298660172 0.1337031740048952
			vertex 0.10412091504524693 0.5280210976391138 0.13370317400490014
		endloop
	endfacet
	facet normal 0.137444495864948 0.9905094702002754 -7.574212322654763e-14
		outer loop
			vertex 0.12576356008861503 0.5301079298660178 0.14888565783296298
			vertex 0.10149495559528869 0.5334754757707082 0.13370317400490048
			vertex 0.10149495559529209 0.5334754757707089 0.14888565782262436
		endloop
	endfacet
	facet normal 0.137444495864948 0.9905094702002754 -7.574212322654763e-14
		outer loop
			vertex 0.10149495559528869 0.5334754757707082 0.13370317400490048
			vertex 0.12576356008861503 0.5301079298660178 0.14888565783296298
			vertex 0.10481386751971836 0.5330149388551134 0.13370317400489976
		endloop
	endfacet
	facet normal 0.137444495864948 0.9905094702002754 -7.574212322654763e-14
		outer loop
			vertex 0.10481386751971836 0.5330149388551134 0.13370317400489976
			vertex 0.12576356008861503 0.5301079298660178 0.14888565783296298
			vertex 0.12576356008861161 0.5301079298660172 0.1337031740048952
		endloop
	endfacet
	facet normal 0.137444495864948 0.9905094702002754 -7.574212322654763e-14
		outer loop
			vertex 0.10149495559529209 0.5334754757707089 0.14888565782262436
			vertex 0.04686547313925077 0.5410559400685557 0.13370317400491236
			vertex 0.04686547313925416 0.5410559400685565 0.14888565783298013
		endloop
	endfacet
	facet normal 0.137444495864948 0.9905094702002754 -7.574212322654763e-14
		outer loop
			vertex 0.04686547313925077 0.5410559400685557 0.13370317400491236
			vertex 0.10149495559529209 0.5334754757707089 0.14888565782262436
			vertex 0.10149495559528869 0.5334754757707082 0.13370317400490048
		endloop
	endfacet
	facet normal -2.821042783568065e-10 -2.033629301448758e-9 1
		outer loop
			vertex 0.10149495559529209 0.5334754757707089 0.14888565782262436
			vertex 0.046172520664810306 0.5360620988527556 0.1488856578122779
			vertex 0.10080200312081998 0.5284816345547043 0.14888565781227325
		endloop
	endfacet
	facet normal -3.783931859208926e-10 -4.093046794555738e-9 1
		outer loop
			vertex 0.046172520664810306 0.5360620988527556 0.1488856578122779
			vertex 0.10149495559529209 0.5334754757707089 0.14888565782262436
			vertex 0.04686547313925416 0.5410559400685565 0.14888565783298013
		endloop
	endfacet
	facet normal -2.2345657781269253e-13 -4.5460692599204435e-14 -1
		outer loop
			vertex 0.04617252066481259 0.5360620988527958 0.13370317400491272
			vertex 0.10149495559528869 0.5334754757707082 0.13370317400490048
			vertex 0.10080200312081934 0.5284816345547235 0.13370317400490087
		endloop
	endfacet
	facet normal -2.2345657781269255e-13 -4.5460692599204435e-14 -1
		outer loop
			vertex 0.10149495559528869 0.5334754757707082 0.13370317400490048
			vertex 0.04617252066481259 0.5360620988527958 0.13370317400491272
			vertex 0.04686547313925077 0.5410559400685557 0.13370317400491236
		endloop
	endfacet
	facet normal -0.9905094702002754 0.137444495864948 2.150875345260476e-13
		outer loop
			vertex 0.04686547313925077 0.5410559400685557 0.13370317400491236
			vertex 0.046172520664810306 0.5360620988527556 0.1488856578122779
			vertex 0.04686547313925416 0.5410559400685565 0.14888565783298013
		endloop
	endfacet
	facet normal -0.9905094702002754 0.137444495864948 2.150875345260476e-13
		outer loop
			vertex 0.046172520664810306 0.5360620988527556 0.1488856578122779
			vertex 0.04686547313925077 0.5410559400685557 0.13370317400491236
			vertex 0.04617252066481259 0.5360620988527958 0.13370317400491272
		endloop
	endfacet
	facet normal -0.1374444958690223 -0.9905094701997101 -2.646430507552763e-12
		outer loop
			vertex 0.10080200312081934 0.5284816345547235 0.13370317400490087
			vertex 0.046172520664810306 0.5360620988527556 0.1488856578122779
			vertex 0.04617252066481259 0.5360620988527958 0.13370317400491272
		endloop
	endfacet
	facet normal -0.13744449586863983 -0.9905094701997631 -1.2437424725991902e-12
		outer loop
			vertex 0.046172520664810306 0.5360620988527556 0.1488856578122779
			vertex 0.10080200312081934 0.5284816345547235 0.13370317400490087
			vertex 0.10080200312081998 0.5284816345547043 0.14888565781227325
		endloop
	endfacet
	facet normal -0.137444495864948 -0.9905094702002754 7.574212322654763e-14
		outer loop
			vertex 0.12576356008861161 0.5301079298660172 0.1337031740048952
			vertex 0.12576356008861503 0.5301079298660178 0.14888565783296298
			vertex 0.10481386751971836 0.5330149388551134 0.13370317400489976
		endloop
	endfacet
	facet normal -0.137444495864948 -0.9905094702002754 7.574212322654763e-14
		outer loop
			vertex 0.10481386751971836 0.5330149388551134 0.13370317400489976
			vertex 0.12576356008861503 0.5301079298660178 0.14888565783296298
			vertex 0.10149495559528869 0.5334754757707082 0.13370317400490048
		endloop
	endfacet
	facet normal -0.137444495864948 -0.9905094702002754 7.574212322654763e-14
		outer loop
			vertex 0.10149495559529209 0.5334754757707089 0.14888565782262436
			vertex 0.10149495559528869 0.5334754757707082 0.13370317400490048
			vertex 0.12576356008861503 0.5301079298660178 0.14888565783296298
		endloop
	endfacet
	facet normal -0.137444495864948 -0.9905094702002754 7.574212322654763e-14
		outer loop
			vertex 0.10149495559528869 0.5334754757707082 0.13370317400490048
			vertex 0.10149495559529209 0.5334754757707089 0.14888565782262436
			vertex 0.04686547313925077 0.5410559400685557 0.13370317400491236
		endloop
	endfacet
	facet normal -0.137444495864948 -0.9905094702002754 7.574212322654763e-14
		outer loop
			vertex 0.04686547313925416 0.5410559400685565 0.14888565783298013
			vertex 0.04686547313925077 0.5410559400685557 0.13370317400491236
			vertex 0.10149495559529209 0.5334754757707089 0.14888565782262436
		endloop
	endfacet
	facet normal 3.783931859208926e-10 4.093046794555738e-9 -1
		outer loop
			vertex 0.04686547313925416 0.5410559400685565 0.14888565783298013
			vertex 0.10149495559529209 0.5334754757707089 0.14888565782262436
			vertex 0.046172520664810306 0.5360620988527556 0.1488856578122779
		endloop
	endfacet
	facet normal 2.821042783568065e-10 2.033629301448758e-9 -1
		outer loop
			vertex 0.10080200312081998 0.5284816345547043 0.14888565781227325
			vertex 0.046172520664810306 0.5360620988527556 0.1488856578122779
			vertex 0.10149495559529209 0.5334754757707089 0.14888565782262436
		endloop
	endfacet
	facet normal 2.2345657781269255e-13 4.5460692599204435e-14 1
		outer loop
			vertex 0.04686547313925077 0.5410559400685557 0.13370317400491236
			vertex 0.04617252066481259 0.5360620988527958 0.13370317400491272
			vertex 0.10149495559528869 0.5334754757707082 0.13370317400490048
		endloop
	endfacet
	facet normal 2.2345657781269253e-13 4.5460692599204435e-14 1
		outer loop
			vertex 0.10080200312081934 0.5284816345547235 0.13370317400490087
			vertex 0.10149495559528869 0.5334754757707082 0.13370317400490048
			vertex 0.04617252066481259 0.5360620988527958 0.13370317400491272
		endloop
	endfacet
	facet normal 0.9905094702002754 -0.137444495864948 -2.150875345260476e-13
		outer loop
			vertex 0.04617252066481259 0.5360620988527958 0.13370317400491272
			vertex 0.04686547313925077 0.5410559400685557 0.13370317400491236
			vertex 0.046172520664810306 0.5360620988527556 0.1488856578122779
		endloop
	endfacet
	facet normal 0.9905094702002754 -0.137444495864948 -2.150875345260476e-13
		outer loop
			vertex 0.04686547313925416 0.5410559400685565 0.14888565783298013
			vertex 0.046172520664810306 0.5360620988527556 0.1488856578122779
			vertex 0.04686547313925077 0.5410559400685557 0.13370317400491236
		endloop
	endfacet
	facet normal 0.13744449586863983 0.9905094701997631 1.2437424725991902e-12
		outer loop
			vertex 0.10080200312081998 0.5284816345547043 0.14888565781227325
			vertex 0.10080200312081934 0.5284816345547235 0.13370317400490087
			vertex 0.046172520664810306 0.5360620988527556 0.1488856578122779
		endloop
	endfacet
	facet normal 0.1374444958690223 0.9905094701997101 2.646430507552763e-12
		outer loop
			vertex 0.04617252066481259 0.5360620988527958 0.13370317400491272
			vertex 0.046172520664810306 0.5360620988527556 0.1488856578122779
			vertex 0.10080200312081934 0.5284816345547235 0.13370317400490087
		endloop
	endfacet
	facet normal -2.2345657781269255e-13 -4.5460692599204435e-14 -1
		outer loop
			vertex 0.10446739133451757 0.5305180186219528 0.2337031671980495
			vertex 0.10536048962766599 0.5306292595477856 0.23370316719804932
			vertex 0.10535885095902678 0.5303943184228525 0.23370316719804932
		endloop
	endfacet
	facet normal -2.2345657781269255e-13 -4.5460692599204435e-14 -1
		outer loop
			vertex 0.10536048962766599 0.5306292595477856 0.23370316719804932
			vertex 0.10446739133451757 0.5305180186219528 0.2337031671980495
			vertex 0.10459109124750085 0.531409476184526 0.23370316719804946
		endloop
	endfacet
	facet normal -2.2345657781269255e-13 -4.5460692599204435e-14 -1
		outer loop
			vertex 0.10536048962766599 0.5306292595477856 0.23370316719804932
			vertex 0.10459109124750085 0.531409476184526 0.23370316719804946
			vertex 0.1053012661541806 0.5308566206182926 0.23370316719804932
		endloop
	endfacet
	facet normal -2.2345657781269255e-13 -4.5460692599204435e-14 -1
		outer loop
			vertex 0.1053012661541806 0.5308566206182926 0.23370316719804932
			vertex 0.10459109124750085 0.531409476184526 0.23370316719804946
			vertex 0.10518521816714196 0.5310609048354292 0.23370316719804934
		endloop
	endfacet
	facet normal -2.2345657781269255e-13 -4.5460692599204435e-14 -1
		outer loop
			vertex 0.10518521816714196 0.5310609048354292 0.23370316719804934
			vertex 0.10459109124750085 0.531409476184526 0.23370316719804946
			vertex 0.10502024697878297 0.5312281940909788 0.23370316719804934
		endloop
	endfacet
	facet normal -2.2345657781269255e-13 -4.5460692599204435e-14 -1
		outer loop
			vertex 0.10502024697878297 0.5312281940909788 0.23370316719804934
			vertex 0.10459109124750085 0.531409476184526 0.23370316719804946
			vertex 0.10481760405994181 0.5313470855265725 0.2337031671980494
		endloop
	endfacet
	facet normal -0.9999756769318957 0.006974635803875575 2.231340708888606e-13
		outer loop
			vertex 0.10536048962764363 0.5306292595477811 0.13370317400489976
			vertex 0.10535885095902678 0.5303943184228525 0.23370316719804932
			vertex 0.10536048962766599 0.5306292595477856 0.23370316719804932
		endloop
	endfacet
	facet normal -0.9999756769318957 0.006974635803875575 2.231340708888606e-13
		outer loop
			vertex 0.10535885095902678 0.5303943184228525 0.23370316719804932
			vertex 0.10536048962764363 0.5306292595477811 0.13370317400489976
			vertex 0.10535885095900444 0.5303943184228479 0.13370317400489976
		endloop
	endfacet
	facet normal -2.2345657781269255e-13 -4.5460692599204435e-14 -1
		outer loop
			vertex 0.10446739133451757 0.5305180186219528 0.2337031671980495
			vertex 0.1045786338953675 0.5296249197198112 0.23370316719804954
			vertex 0.10434369129148106 0.5296265601221359 0.23370316719804957
		endloop
	endfacet
	facet normal -2.2345657781269255e-13 -4.5460692599204435e-14 -1
		outer loop
			vertex 0.1045786338953675 0.5296249197198112 0.23370316719804954
			vertex 0.10446739133451757 0.5305180186219528 0.2337031671980495
			vertex 0.10480599226356058 0.5296841429950995 0.23370316719804946
		endloop
	endfacet
	facet normal -2.2345657781269255e-13 -4.5460692599204435e-14 -1
		outer loop
			vertex 0.10480599226356058 0.5296841429950995 0.23370316719804946
			vertex 0.10446739133451757 0.5305180186219528 0.2337031671980495
			vertex 0.10501028000546386 0.5298001929767904 0.23370316719804943
		endloop
	endfacet
	facet normal -2.2345657781269255e-13 -4.5460692599204435e-14 -1
		outer loop
			vertex 0.10501028000546386 0.5298001929767904 0.23370316719804943
			vertex 0.10446739133451757 0.5305180186219528 0.2337031671980495
			vertex 0.10517756613715473 0.5299651623059245 0.2337031671980494
		endloop
	endfacet
	facet normal -2.2345657781269255e-13 -4.5460692599204435e-14 -1
		outer loop
			vertex 0.10517756613715473 0.5299651623059245 0.2337031671980494
			vertex 0.10446739133451757 0.5305180186219528 0.2337031671980495
			vertex 0.10529645785886563 0.5301678072867015 0.23370316719804934
		endloop
	endfacet
	facet normal -2.2345657781269255e-13 -4.5460692599204435e-14 -1
		outer loop
			vertex 0.10529645785886563 0.5301678072867015 0.23370316719804934
			vertex 0.10446739133451757 0.5305180186219528 0.2337031671980495
			vertex 0.10535885095902678 0.5303943184228525 0.23370316719804932
		endloop
	endfacet
	facet normal -2.2345657781269255e-13 -4.5460692599204435e-14 -1
		outer loop
			vertex 0.10363832475814823 0.5308682295823066 0.23370316719804968
			vertex 0.10446739133451757 0.5305180186219528 0.2337031671980495
			vertex 0.10357593245980326 0.5306417187170106 0.2337031671980497
		endloop
	endfacet
	facet normal -2.2345657781269255e-13 -4.5460692599204435e-14 -1
		outer loop
			vertex 0.10446739133451757 0.5305180186219528 0.2337031671980495
			vertex 0.10363832475814823 0.5308682295823066 0.23370316719804968
			vertex 0.10459109124750085 0.531409476184526 0.23370316719804946
		endloop
	endfacet
	facet normal -2.2345657781269255e-13 -4.5460692599204435e-14 -1
		outer loop
			vertex 0.10459109124750085 0.531409476184526 0.23370316719804946
			vertex 0.10363832475814823 0.5308682295823066 0.23370316719804968
			vertex 0.10375721655789107 0.5310708751254298 0.23370316719804965
		endloop
	endfacet
	facet normal -2.2345657781269255e-13 -4.5460692599204435e-14 -1
		outer loop
			vertex 0.10459109124750085 0.531409476184526 0.23370316719804946
			vertex 0.10375721655789107 0.5310708751254298 0.23370316719804965
			vertex 0.10392450330932357 0.5312358434132778 0.23370316719804962
		endloop
	endfacet
	facet normal -2.2345657781269255e-13 -4.5460692599204435e-14 -1
		outer loop
			vertex 0.10459109124750085 0.531409476184526 0.23370316719804946
			vertex 0.10392450330932357 0.5312358434132778 0.23370316719804962
			vertex 0.1041287903534533 0.5313518938739088 0.23370316719804957
		endloop
	endfacet
	facet normal -2.2345657781269255e-13 -4.5460692599204435e-14 -1
		outer loop
			vertex 0.10459109124750085 0.531409476184526 0.23370316719804946
			vertex 0.1041287903534533 0.5313518938739088 0.23370316719804957
			vertex 0.10435615179885782 0.5314111172953728 0.2337031671980495
		endloop
	endfacet
	facet normal -0.2655507155824379 -0.96409689215019 1.0316756658965136e-13
		outer loop
			vertex 0.10481760405991947 0.531347085526568 0.13370317400489984
			vertex 0.10459109124750085 0.531409476184526 0.23370316719804946
			vertex 0.10459109124747851 0.5314094761845215 0.1337031740048999
		endloop
	endfacet
	facet normal -0.2655507155824379 -0.96409689215019 1.0316756658965136e-13
		outer loop
			vertex 0.10459109124750085 0.531409476184526 0.23370316719804946
			vertex 0.10481760405991947 0.531347085526568 0.13370317400489984
			vertex 0.10481760405994181 0.5313470855265725 0.2337031671980494
		endloop
	endfacet
	facet normal -0.5060386443501177 -0.8625108059753774 1.5228800232139018e-13
		outer loop
			vertex 0.10502024697876063 0.5312281940909742 0.1337031740048998
			vertex 0.10481760405994181 0.5313470855265725 0.2337031671980494
			vertex 0.10481760405991947 0.531347085526568 0.13370317400489984
		endloop
	endfacet
	facet normal -0.5060386443501177 -0.8625108059753774 1.5228800232139018e-13
		outer loop
			vertex 0.10481760405994181 0.5313470855265725 0.2337031671980494
			vertex 0.10502024697876063 0.5312281940909742 0.1337031740048998
			vertex 0.10502024697878297 0.5312281940909788 0.23370316719804934
		endloop
	endfacet
	facet normal -0.7120226945490143 -0.7021564515456375 1.9102667324915919e-13
		outer loop
			vertex 0.10518521816711962 0.5310609048354247 0.13370317400489978
			vertex 0.10502024697878297 0.5312281940909788 0.23370316719804934
			vertex 0.10502024697876063 0.5312281940909742 0.1337031740048998
		endloop
	endfacet
	facet normal -0.7120226945490143 -0.7021564515456375 1.9102667324915919e-13
		outer loop
			vertex 0.10502024697878297 0.5312281940909788 0.23370316719804934
			vertex 0.10518521816711962 0.5310609048354247 0.13370317400489978
			vertex 0.10518521816714196 0.5310609048354292 0.23370316719804934
		endloop
	endfacet
	facet normal -0.8694978543449863 -0.4939367178996361 2.1674972024330496e-13
		outer loop
			vertex 0.10518521816711962 0.5310609048354247 0.13370317400489978
			vertex 0.1053012661541806 0.5308566206182926 0.23370316719804932
			vertex 0.10518521816714196 0.5310609048354292 0.23370316719804934
		endloop
	endfacet
	facet normal -0.8694978543449863 -0.4939367178996361 2.1674972024330496e-13
		outer loop
			vertex 0.1053012661541806 0.5308566206182926 0.23370316719804932
			vertex 0.10518521816711962 0.5310609048354247 0.13370317400489978
			vertex 0.10530126615415826 0.5308566206182881 0.13370317400489976
		endloop
	endfacet
	facet normal -0.9677088064898446 -0.2520707556262732 2.2770020935220093e-13
		outer loop
			vertex 0.10530126615415826 0.5308566206182881 0.13370317400489976
			vertex 0.10536048962766599 0.5306292595477856 0.23370316719804932
			vertex 0.1053012661541806 0.5308566206182926 0.23370316719804932
		endloop
	endfacet
	facet normal -0.9677088064898446 -0.2520707556262732 2.2770020935220093e-13
		outer loop
			vertex 0.10536048962766599 0.5306292595477856 0.23370316719804932
			vertex 0.10530126615415826 0.5308566206182881 0.13370317400489976
			vertex 0.10536048962764363 0.5306292595477811 0.13370317400489976
		endloop
	endfacet
	facet normal -0.9640937277412988 0.2655622038805346 2.0336044337517203e-13
		outer loop
			vertex 0.10535885095900444 0.5303943184228479 0.13370317400489976
			vertex 0.10529645785886563 0.5301678072867015 0.23370316719804934
			vertex 0.10535885095902678 0.5303943184228525 0.23370316719804932
		endloop
	endfacet
	facet normal -0.9640937277412988 0.2655622038805346 2.0336044337517203e-13
		outer loop
			vertex 0.10529645785886563 0.5301678072867015 0.23370316719804934
			vertex 0.10535885095900444 0.5303943184228479 0.13370317400489976
			vertex 0.10529645785884328 0.530167807286697 0.13370317400489978
		endloop
	endfacet
	facet normal -0.8625125218050109 0.5060357198158649 1.6972936214037685e-13
		outer loop
			vertex 0.10529645785884328 0.530167807286697 0.13370317400489978
			vertex 0.10517756613715473 0.5299651623059245 0.2337031671980494
			vertex 0.10529645785886563 0.5301678072867015 0.23370316719804934
		endloop
	endfacet
	facet normal -0.8625125218050109 0.5060357198158649 1.6972936214037685e-13
		outer loop
			vertex 0.10517756613715473 0.5299651623059245 0.2337031671980494
			vertex 0.10529645785884328 0.530167807286697 0.13370317400489978
			vertex 0.10517756613713239 0.52996516230592 0.1337031740048998
		endloop
	endfacet
	facet normal -0.7021590870178683 0.7120200955859558 1.245331399752081e-13
		outer loop
